17291806236368054941
14695981039346656037
1099511628211
6605813339339102567
2597124982561782591
2600364143812063535
13464308873961738403
4821863173800309721
12969190449276002545
3320026265773918739
12094027092655598256
10657751674541025650
11913842725949116895
5449730069165757263
292198192373389586
12790084614253405985
5219431737322569038
15535773470978271326
7810436520414958497
13316211011159594063
13825071784440082496
14480775929210717493
14482658293117931546
8473756179280619170
3778500091710709090
8799118153397725683
12027963942392743532
576626207276463000
7412338704062093516
682250828679635420
13014156621614176974
18150909006539876521
10336842116636872171
12785322942775634499
13260224381505715848
17956969551821596225
8709004393777297355
14256853800858727521
8129411991672431889
15997665423159927228
10829648878147112121
9149947745824492274
3656637464651387014
3575761800716667678
4501656691368064027
10296494671777307979
14630721578341374856
4088976323439621041
9531326785919727076
6461429591783621719
6508141243778577344
10235971842993272939
2478231962306073784
9903758755917170407
14710585101020280896
13611814135072561278
2810460305047003196
2032008861530788751
27407921587843457
6491986958834001955
2128122064571842954
10484659978517092504
8478833628889826985
10463926208560207521
7080175711202577138
8697424601205169055
7775177810774851294
16130138450758310172
506634811745884560
18294908219222222902
3588624367609827560
9555688264681862794
5415426428750045503
3642525650883269872
13135068273077306806
3769837838875367802
191060519014405309
1682585410644922036
7878537243757499832
13799353263187722717
1367627386496056834
12574535824074203265
16990567851129491937
8994091295115840290
13876356431472225791
14968320160131875803
14868920869169964081
106672141413120087
79089792725215063
5614586596107908838
3869935012404164040
3538022140597504361
14111374107076822891
7982848972385914508
8760312338504300643
17351543633914244545
7516148236133302073
15114163911481793350
15457732070353984570
16292685861617888592
10374841591685794123
3045986759481489935
17109238199226571972
6827032273910657891
5945487981219695001
8052533790968282297
17574002783607647274
3341747963119755850
14193859431895170587
17439059603042731363
17683972236092287897
700598796416086955
3660705254426876796
12709986806548166638
3890794756780010537
2797129108883749491
3890769468012566366
14095938998438966337
11109294216876344399
1368907909245890092
11818825521849580123
8146185202538899243
2934149816356927366
13029357933491444455
6195833633417633900
2760663353550280147
16423314183614230717
2532538262737333146
4454255944391929578
6088115528707848728
13611051401579634621
18147627057830191163
17633734304611248415
13581776705111912829
7175363135479931834
3178468437029279937
13599785766252827703
6180361713414290679
8612208440357175863
8408095252303317471
17097380490166623672
15194901817027173566
12718416789200275332
18392881921099771407
3626142665768487764
12343334044036541897
397780960855462669
6943102301517884811
13544031715334011032
11801746708619571308
18159703063075866524
835151375515278827
16570804352575357627
1614465773938842903
12679195163651834776
2717025511528702475
17984632978012874803
5183687599225757871
917638920165491138
10063651499895178962
16335643316870329598
10501212300031893463
155978580751494388
17204844226884380288
5984963105389676759
11385275378891906608
13693525876560827283
17849680105131524334
18246404330670877335
8698326794961817906
9061219083560670602
11771945869106552231
9234894663364701749
15695338751700748390
640589622539783622
9384605490088500348
6274014997237900919
15092207615430402812
3320767229281015341
3200333496547938354
14513577387099045298
607197993339007484
15587050164583443069
9559632696372799208
4931721628717906635
2589926981877829912
17997967489723066537
14079676299181301772
17939405613729073960
521157249538507889
14971809093655817917
10545868833523019926
15039834196857999838
14055243717250701608
5587557070429522647
12445177985737237804
17978774977754553159
17017923349298346219
17624147599670377042
16066651430762394116
13655261125244647696
3421213182954201407
14243671177281069512
16112751343173365533
3425260965299690882
9333057603143916814
3413886037471417852
7315838824213522000
13783346438774742614
2380224015317016190
3413052607651207697
3407972863931386250
10393903804869831898
12445232961318634374
3421197789791424393
541172992193764396
1109067043404435916
15267980678929160412
8381292265993977266
3796405623695665524
8727477769544302060
10734127004244879770
11073283311104541690
4030236413975199654
7701683279824397773
5132256620104998637
5942282052525294911
4578480846255629462
16858955978146406642
8873858923435176895
6116246686670134098
2734787258623754862
7574774749059321801
1475579823244607677
11266044540366291518
9007106680104765185
13852439084267373191
14226582801651130532
15514036435533858158
16066522799090129502
18446744073709551613